v -0.0565869 0.24863 -0.00294908
v -0.118059 0.309959 0.065355
v 0.0121371 0.266231 0.0429718
v -0.0286288 0.372852 -0.0512229
v 0.0386668 0.24713 0.0638724
v -0.0284783 0.322038 -0.0172256
v -0.0127323 0.238371 0.080322
v -0.0559571 0.36072 -0.0120558
v -0.17585 0.21479 0.0169104
v 0.0338345 0.0756121 0.0854289
v 0.0648629 0.179168 0.0867707
v -0.111941 0.264309 0.072129
v -0.122755 0.289815 -0.00972774
v -0.151342 0.287677 -0.0149651
v -0.182493 0.273402 0.0389689
v -0.104703 0.309275 0.0256365
v -0.15035 0.225956 -0.0171925
v 0.0298275 0.205405 -0.042931
v -0.0780633 0.0955797 0.0786187
v -0.18326 0.304673 0.0345915
v -0.169218 0.1588 -0.00548586
v 0.0974422 0.157013 0.0310638
v -0.12044 0.308214 -0.00158156
v -0.143455 0.332569 -0.0911108
v -0.0352103 0.101591 0.0976108
v -0.0184572 0.192064 0.111299
v -0.0870483 0.259883 0.0284377
v 0.0292108 0.201028 0.0943463
v 0.0082378 0.10995 0.110396
v 0.100293 0.0940583 0.0578169
v -0.103591 0.102287 0.0649322
v -0.0667286 0.200164 0.0853658
v 0.0392783 0.116282 0.0958362
v 0.0649791 0.237184 -0.000242368
v -0.0539482 0.11046 0.0721644
v -0.0112123 0.141586 0.116906
v -0.0012604 0.258728 -0.0090105
v -0.175086 0.160859 0.0412794
v -0.191055 0.240385 0.0251861
v -0.0946861 0.1341 0.0796054
v -0.0980829 0.284145 0.00669947
v -0.159902 0.348519 -0.0936986
v -0.113078 0.202617 -0.0417591
v -0.163805 0.251891 -0.0127226
v 0.00444556 0.157014 -0.0721376
v -0.186282 0.232254 0.0870309
v -0.0460074 0.164102 0.1126
v -0.103643 0.257707 -0.0111864
v -0.145526 0.139035 0.0632403
v -0.103615 0.182064 0.0921081
v -0.137178 0.231142 0.107614
v -0.0562639 0.246628 0.0500938
v -0.156892 0.215664 0.0680925
v -0.122112 0.344367 -0.114066
v -0.141408 0.302006 -0.0979706
v -0.0631576 0.179262 0.0876806
v -0.0193971 0.342297 -0.0498778
v 0.0595608 0.232266 0.0646718
v -0.112015 0.229067 0.071417
v -0.0580101 0.0767743 0.111865
v -0.117607 0.0707386 0.0962418
v 0.0775999 0.115224 0.0658147
v 0.121072 0.143093 0.0199514
v 0.0202676 0.168967 0.111998
v -0.146464 0.31207 0.00313194
v 0.0591053 0.0698194 0.00600211
v -0.143489 0.364524 -0.111942
v 0.0852225 0.127084 -0.00994639
v 0.120245 0.111245 0.0131649
v 0.000116112 0.22841 -0.0408871
v -0.0804353 0.0684742 -0.0628688
v 0.0295652 0.188641 -0.0557387
v 0.0975184 0.109044 -0.0144338
v 0.0749747 0.191364 -0.0296617
v 0.043854 0.10189 -0.0514991
v -0.0642149 0.22457 -0.0364498
v -0.140653 0.170684 0.0892993
v 0.109211 0.138181 0.0540101
v -0.126958 0.0945819 0.0762505
v -0.125129 0.0966337 0.00979338
v -0.156864 0.270822 0.108448
v -0.0967099 0.105591 0.0322343
v -0.0945222 0.0923236 -0.0208316
v -0.151068 0.0683126 -0.00129478
v -0.0649718 0.105525 -0.0185411
v -0.121419 0.114854 0.00520298
v -0.102015 0.133758 -0.0260375
v 0.0273165 0.0700756 -0.0422859
v -0.0601039 0.175375 -0.0754819
v -0.0482084 0.0940448 -0.0579658
v -0.0385414 0.136902 -0.0778731
v -0.0731674 0.176154 -0.0474219
v -0.128142 0.155582 -0.0397306
v -0.0840978 0.0679573 -0.0358748
v 0.0186533 0.0744579 -0.0243413
v -0.0753095 0.0775113 -0.0313599
v -0.00781281 0.0734449 0.0276686
v 0.0453953 0.0714607 0.0557551
v -0.0570905 0.0733446 0.0281893
v -0.130187 0.0673645 0.0428258
v 0.0134062 0.0792557 0.0675821
v -0.0702811 0.070261 0.0859637
f 54 55 67
f 24 67 55
f 42 67 24
f 54 13 55
f 91 89 45
f 55 14 24
f 45 89 72
f 45 75 91
f 75 90 91
f 42 65 67
f 90 89 91
f 89 92 18
f 90 88 71
f 89 18 72
f 75 45 72
f 71 88 94
f 83 90 71
f 92 89 90
f 75 88 90
f 70 18 92
f 72 74 75
f 70 92 76
f 6 57 4
